                            first derivative                            second derivative
                left part              right part               left part              right part 
N = 3    -0.9883875026666667        3.092659023056029       -1.9752916674031744      2.0063508959627727 
N = 4    -0.971291009015873         4.022925048714085       -1.9377276601142859      4.069940335828424      
N = 5    -1.005902249574603         4.749121385612113        -2.005951806793651      3.6545567712101863
