	            linear		         chebyshev		         hermite_linear		
N = 3: 	  3.054596369670743	   2.999327407352083     7.031597097961265	
N = 4:	  4.054766540904227	    4.028897099948	     9.014429327484743	
N = 5:	  5.054153552276171 	 5.03997157761986       10.9974481005771		
